1 5	25
1 6 18
1 7	30
1 12 32
1 16 30
1 21 29

2 4 23
2 22 27

3 6	40
3 11 31
3 12 39
3 13 53
3 15 47
3 17 19
3 18 39
3 19 33
3 23 48
3 25 18

4 2 23
4 7	40
4 14 18
4 22 44

5 1	25
5 12 29
5 16 29

6 1	18
6 3	40
6 9	42
6 12 23
6 19 18
6 20 50

7 1	30
7 4	40
7 14 27
7 20 24
7 24 44

8 16 37
8 21 26

9 6	42
9 13 27
9 19 45
9 20 21
9 22 64
9 24 17

10 18 15

11 3 31
11 17 26
11 23 56
11 25 27

12 1 32
12 3 49
12 5 29
12 6 23
12 15 25
12 16 22
12 19 18

13 3 53
13 9 27
13 22 51

14 4 18
14 7 27

15 3 47
15 12 25
15 18 41

16 1 30
16 5 29
16 8 37
16 12 22
16 21 15

17 3 19
17 11 26
17 23 43
17 25 14

18 3 39
18 10 15
18 15 41
18 23 28
18 25 60

19 3 33
19 6 18
19 9 45
19 12 18
19 20 54

20 6 50
20 7 24
20 9 21
20 19 54

21 1 29
21 8 26
21 16 15

22 2 27
22 4 44
22 9 64
22 13 51
22 24 49

23 3 48
23 11 56
23 17 43
23 18 28

24 7 44
24 9 17
24 22 49

25 3 18
25 11 27
25 17 14
25 18 60
